0000000000000000000000000000000000000000000000000000000000000000000000000000000000000000000000000000
0000000000000000000000000000000000000000000000000000000000000000000000000000000000000000000000000000
0000000000000000000000000000000000000000000000000000000000000000000000000000000000000000000000000000
0000000000000000000000000000000000000000000000000000000000000000000000000000000000000000000000000000
0000000000000000000000000000000000000000000000000000000000000000000000000000000000000000000000000000
0000000000000000000000000000000000000000000000000000000000000000000000000000000000000000000000000000
0000000000000000000000000000000000000000000000000000000000000000000000000000000000000000000000000000
0000000000000000000000000000000000000000000000000000000000000000000000000000000000000000000000000000
0000000000000000000000000000000000000000000000000000000000000000000000000000000000000000000000000000
0000000000000000000000000000000000000000000000000000000000000000000000000000000000000000000000000000
0000000000000000000000000000000000000000000000000000000000000000000000000000000000000000000000000000
0000000000000000000000000000000000000000000000000000000000000000000000000000000000000000000000000000
0000000000000000000000000000000000000000000000000000000000000000000000000000000000000000000000000000
0000000000000000000000000000000000000000000000000000000000000000000000000000000000000000000000000000
0000000000000000000000000000000000000000000000000000000000000000000000000000000000000000000000000000
0000000000000000000000000000000000000000000000000000000000000000000000000000000000000000000000000000
0000000000000000000000000000000000000000000000000000000000000000000000000000000000000000000000000000
0000000000000000000000000000000000000000000000000000000000000000000000000000000000000000000000000000
0000000000000000000000000000000000000000000000000000000000000000000000000000000000000002200000000000
0000000000000000000000000000000000000000000000000000000000000000000000000000000000000221122000000000
0000000000000000000000000000000000000000000000000000000000000000000000000000000000002111111220000000
0000000000000000000000000000000000000000000000000000000000000000000000000000000000021111111112000000
0000000000000000002220000000000000000000000000000000000000000000000000000000000022211111111111200000
0000070000000000021112000000000000000022200000000000000000000000000000000000022211111111111111128000
0022222000000000211111280000000000000211120000000900000000080000080800000000211111111111111111012800
2211111222222222111111122255555555222111112222222222222222222222222222222222111111111133311100001222
1111111111111111111111111115555551111111111111111111111111111111111111111111111111111333311000011111
1111111111111111111111111111855511111111111111111111111111111111111111111111111111113333330001111111
1111111111111111111111111111111111111111111111111111111111111111111111111111111111333333300011111111
1111111111111111111111111111111111111111111111111111111111111111111111111111111133333333000333111111
1111111111111333111111111111111111111111111111111133333331111111111111111111111333333330003333311113
3333111133333333333111113333133333311111111113333333333333333111111111111113333333333300033333333333
3333311333333333333333333333333333333331111133333333333333333333111111133333333333333000333333333333
3333333333333333333333333333333333333333333333333333333333333333333333333333333333330003333333333333
3333333333333333333333333333333333333333333333333333333333333333333333333333333333300033333333333333
3333333333333333333333333333333333333333333333333333333333333333333333333333333333000333333333333333
3333333333333333333333333333333333333333333333333333330330333033330033333333333330003333333333333333
3333333333333333333333333333333333333333333333333300000000000000000000333333333300033333333333333333
3333333333333333333333333333333333333333333333333000000000000000000000033333333000333333333333333333
3333333333333333333333333333333333333333333344330000000000000000000000000000000003333333333333333333
3333333333333333333333333333333333333333333343300000000000000000000000008008000033333333333333333333
3333333333333333333333333333333333333333333333333333000333333336666663333333333333333333333333333333
3333333333333333333433333333333333333333333333333333333333333336666333333333333333333443333333333333
3333333333333333334433333333333333333333333333333333333333333333443333333333333333333333333333333333
3333333333333333333333333333333333443333333333333333333333333333333333333333333333333333333333333333
3333333333333333333333333333333333333333333333333333333333333333333333333333333333333333333333333333
3333333333333333333333333333333333333333333333333333333333333333333333333333333334333333333333333333
3333333333334433333333333333333333333333333333333333333333333333333333333333333344333333333333333333
3333333333334433333333333333333333333333333333333333333333333333333333333333333333333333333333333333
3333333333333333333333333333333333333333333333333333333333333333333333333333333333333333333333333333